
=== v27_seed0  (peak_iter=60, honest_peak=0.04) ===
 iter     vloss     ploss   entropy  succ_rate
    0    17.267    0.0937    1.7808     0.8786
   10    29.570    0.0725    1.5908     0.0097
   20    42.139   -0.0610    1.3266     0.0373
   30    42.950   -0.0195    1.2060     0.0406
   40    31.332   -0.0074    0.9555     0.1379
   50    41.993    0.0512    0.7809     0.3000
   60    27.249    0.0271    0.6136     0.5146 <-- PEAK
   70    26.728   -0.0520    0.5286     0.4159
   80    36.526    0.1330    0.4561     0.2468
   90    45.206    0.1064    0.3478     0.2090
  100    25.257    0.0290    0.3729     0.2786
  110    29.331   -0.0161    0.2327     0.3443
  120    42.626    0.1001    0.1877     0.1302
  130    44.852   17.4078    0.1591     0.0939
  140    33.053    0.0249    0.1725     0.0427
  150    40.477    0.0629    0.1506     0.0497
  160    29.490    0.0865    0.1340     0.0275
  170    32.892    0.0111    0.1742     0.0377
  180    26.691    0.0116    0.1042     0.0299
  190    28.000    0.0438    0.1109     0.0226
  200    30.113    0.0968    0.1067     0.0103
  210    27.129   -0.0098    0.0885     0.0156
  220    21.159    0.0267    0.0842     0.0336
  230    21.481    0.0080    0.0606     0.0791
  240    28.663    0.0295    0.0500     0.0217

=== v27_seed1  (peak_iter=50, honest_peak=0.29) ===
 iter     vloss     ploss   entropy  succ_rate
    0    17.236    0.0788    1.7819     0.8779
   10    29.973    0.0227    1.6522     0.0063
   20    41.662    0.0468    1.4093     0.0328
   30    53.001    0.0015    1.2686     0.0776
   40    35.993    0.0932    1.0019     0.2941
   50    19.030   -0.0339    0.9723     0.7037 <-- PEAK
   60    28.173    0.0661    0.7068     0.5200
   70    13.909   -0.0060    0.6518     0.7733
   80    15.913    0.0391    0.6343     0.7273
   90    29.654   -0.0107    0.4746     0.5773
  100    20.177   -0.0626    0.3851     0.5684
  110    30.818    0.0078    0.3675     0.3729
  120    37.685    0.0584    0.2913     0.3680
  130    33.203   -0.0649    0.2420     0.2157
  140    38.048   -0.0058    0.2347     0.2643
  150    31.779    0.0668    0.3089     0.0140
  160    38.164    0.0792    0.1723     0.0559
  170    31.429    0.0015    0.1901     0.0816
  180    36.568    0.1016    0.2045     0.1818
  190    27.402    0.1042    0.1129     0.0842
  200    31.095    0.2078    0.1100     0.0144
  210    29.512    0.0728    0.0999     0.0205
  220    39.132    0.1249    0.0861     0.0165
  230    47.058    0.0558    0.0904     0.0208
  240    47.415    0.0483    0.0962     0.0000

=== v27_seed2  (peak_iter=90, honest_peak=0.53) ===
 iter     vloss     ploss   entropy  succ_rate
    0    18.794   -0.0118    1.7767     0.9268
   10    26.990   -0.0588    1.5964     0.0136
   20    42.018   -0.0099    1.3260     0.0376
   30    43.201    0.0792    1.2107     0.1176
   40    30.592   -0.0495    1.0807     0.3306
   50    17.450   -0.0258    0.8837     0.5464
   60    22.051    0.0484    0.8350     0.7195
   70    19.594    0.0348    0.6308     0.6118
   80    18.036    0.0158    0.5761     0.8788
   90    16.580    0.0189    0.5284     0.7639 <-- PEAK
  100    13.177   -0.0096    0.4439     1.0000
  110    26.879    0.2258    0.3675     0.7286
  120    16.010   -0.0257    0.3225     0.9000
  130    14.005   -0.0161    0.3235     1.0000
  140    18.391    0.1490    0.3053     1.0000
  150    16.187   -0.0501    0.2683     1.0000
  160    17.685    0.0355    0.3044     1.0000
  170    18.090    0.0159    0.2461     0.9194
  180    49.543    0.1735    0.2205     0.1562
  190    34.876   -0.0365    0.1688     0.0385
  200    38.966    0.1483    0.1539     0.0206
  210    25.221    0.0206    0.2285     0.0240
  220    32.639    0.0122    0.1297     0.0047
  230    28.825    0.0843    0.0990     0.0052
  240    32.644    0.1077    0.1180     0.0204

=== v27_seed3  (peak_iter=60, honest_peak=0.17) ===
 iter     vloss     ploss   entropy  succ_rate
    0    20.872   -0.0414    1.7766     0.9032
   10    24.054   -0.0625    1.6524     0.0118
   20    50.084   -0.0619    1.3350     0.0293
   30    36.144   -0.0097    1.2108     0.1194
   40    25.440   -0.0057    0.9658     0.3445
   50    14.917   -0.0931    0.8532     0.6023
   60    19.614   -0.0180    0.7557     0.6627 <-- PEAK
   70    19.085    0.0607    0.6452     0.7215
   80    23.323   -0.0684    0.5151     0.5263
   90    22.094    0.0643    0.4264     0.7308
  100    26.403   -0.0379    0.3033     0.4286
  110    36.115   -0.0334    0.3042     0.2692
  120    51.096    0.2189    0.2273     0.0795
  130    39.295    0.0743    0.1939     0.0000
  140    35.352    0.0972    0.1723     0.0116
  150    28.506    0.0538    0.1217     0.0140
  160    34.655    0.0347    0.1432     0.0000
  170    37.357    0.1946    0.1438     0.0000
  180    34.999    0.1027    0.1241     0.0000
  190    27.764   -0.0071    0.1193     0.0000
  200    35.377    0.1195    0.1012     0.0000
  210    30.095    0.1191    0.0948     0.0000
  220    31.162   -0.0069    0.0812     0.0000
  230    33.491    0.1003    0.0906     0.0050
  240    27.846    0.0138    0.0528     0.0212

=== v28_seed0  (peak_iter=70, honest_peak=0.45) ===
 iter     vloss     ploss   entropy  succ_rate
    0    18.176    0.0075    1.7792     0.9360
   10    28.343    0.0006    1.6344     0.0033
   20    47.340    0.0393    1.3029     0.0403
   30    34.541   -0.0322    1.1847     0.1027
   40    34.153    0.1086    1.0229     0.2628
   50    25.865    0.0449    0.8065     0.5824
   60    15.634   -0.0551    0.7696     0.6310
   70    18.796    0.0296    0.6882     0.6914 <-- PEAK
   80    17.385    0.0713    0.5909     0.7564
   90    15.695   -0.0069    0.4928     0.7945
  100    18.672    0.0199    0.4544     0.8571
  110    18.416   -0.0524    0.3565     0.7403
  120    21.742   -0.0503    0.2876     0.6222
  130    29.053    0.0578    0.2781     0.5851
  140    27.580   -0.0342    0.1987     0.5455
  150    30.346    0.1178    0.1628     0.4510
  160    22.348   -0.0743    0.1424     0.3600
  170    37.406    0.0065    0.0737     0.1886
  180    42.648   -0.0322    0.0764     0.0167
  190    24.368    0.0303    0.0638     0.0134
  200    15.492    0.0312    0.0404     0.0000
  210    29.789    0.0610    0.1161     0.0000
  220    34.043    0.0832    0.1088     0.0000
  230    33.903    0.0013    0.1163     0.0000
  240    43.913    0.0535    0.1005     0.0000

=== v28_seed1  (peak_iter=60, honest_peak=0.23) ===
 iter     vloss     ploss   entropy  succ_rate
    0    18.386    0.0223    1.7775     0.9297
   10    26.445    0.0306    1.5996     0.0048
   20    47.355    0.0416    1.3202     0.0338
   30    42.040   -0.0181    1.1502     0.1359
   40    24.232   -0.0032    1.0785     0.4762
   50    20.888    0.0253    0.8958     0.7403
   60    15.050    0.0285    0.6451     0.9365 <-- PEAK
   70    20.418    0.0766    0.6116     0.8923
   80    17.239    0.0218    0.4809     0.9219
   90    21.219   -0.0330    0.3845     0.8485
  100    11.759   -0.0306    0.3428     0.8824
  110    18.471    0.0372    0.2897     0.8169
  120    27.519    0.0634    0.2200     0.7564
  130    18.695   -0.0793    0.2328     0.7867
  140    48.869    0.0573    0.1715     0.2143
  150    39.172    0.0448    0.1258     0.0928
  160    63.420    0.7992    0.1206     0.0357
  170    44.396    0.0347    0.1055     0.0269
  180    39.723    0.0501    0.1070     0.0000
  190    30.028   -0.0042    0.0885     0.0044
  200    30.524    0.0391    0.0841     0.0000
  210    27.491    0.0416    0.0817     0.0054
  220    30.585    0.0260    0.0684     0.0241
  230    23.691   -0.0733    0.0673     0.0345
  240    35.444    0.0558    0.0835     0.0357

=== v28_seed2  (peak_iter=120, honest_peak=0.37) ===
 iter     vloss     ploss   entropy  succ_rate
    0    20.593    0.0149    1.7772     0.9219
   10    26.534   -0.0094    1.5753     0.0058
   20    52.151   -0.0150    1.2244     0.0203
   30    46.501    0.0289    1.0847     0.0991
   40    22.170   -0.0847    0.9552     0.2901
   50    20.871   -0.0750    0.7596     0.5495
   60    23.088    0.0178    0.6754     0.6000
   70    21.064    0.0398    0.6694     0.7671
   80    21.853    0.0388    0.4453     0.7632
   90    21.379   -0.0047    0.4223     0.6892
  100    31.245    0.1540    0.3594     0.7681
  110    22.503   -0.0118    0.2984     0.8750
  120    19.594   -0.0626    0.3158     0.8028 <-- PEAK
  130    32.398    0.0646    0.3381     0.2148
  140    58.813   -0.0189    0.2079     0.0861
  150    45.895    0.0104    0.1445     0.0526
  160    46.660    0.0329    0.1297     0.0273
  170    39.435    0.1479    0.0761     0.0180
  180    38.834    0.0685    0.1005     0.0000
  190    29.556   -0.1041    0.1044     0.0000
  200    31.644    0.1300    0.0756     0.0000
  210    24.402    0.0714    0.0714     0.0000
  220    27.804    0.0850    0.0798     0.0000
  230    24.607    0.0465    0.1256     0.0000
  240    22.584   -0.0648    0.1620     0.0065

=== v28_seed3  (peak_iter=90, honest_peak=0.67) ===
 iter     vloss     ploss   entropy  succ_rate
    0    21.481   -0.0621    1.7776     0.8750
   10    30.844    0.0608    1.6418     0.0195
   20    44.523    0.0875    1.4398     0.0116
   30    47.594    0.1126    1.2373     0.0622
   40    30.737    0.0332    0.9534     0.3071
   50    16.455   -0.1278    0.8440     0.7089
   60    15.183    0.0596    0.7425     0.8955
   70    17.476   -0.0121    0.6098     0.6625
   80    10.094   -0.0445    0.5548     0.8209
   90    14.790   -0.0122    0.4490     1.0000 <-- PEAK
  100    13.551   -0.0662    0.4126     0.9206
  110    18.565    0.0301    0.3355     0.8730
  120    16.736    0.0051    0.2851     0.9500
  130    18.800   -0.0206    0.2403     0.7778
  140    26.649    0.0227    0.2064     0.3604
  150    21.814    0.0445    0.2103     0.0678
  160    30.505    0.0174    0.1400     0.0493
  170    49.807    0.1001    0.1070     0.0029
  180    38.266    0.0131    0.0972     0.0000
  190    36.381    0.1175    0.0992     0.0054
  200    26.457    0.0925    0.0800     0.0000
  210    28.937   -0.0252    0.0884     0.0049
  220    26.956    0.4291    0.0762     0.0041
  230    33.626    0.0855    0.0819     0.0092
  240    36.994    0.0726    0.0877     0.0000
