============================================================================================================================================
PRE-PEAK vs POST-PEAK: field x run effect-size matrix (A=post-peak generation>peak, B=pre-peak; sign = post-peak minus pre-peak)
============================================================================================================================================
field                          present  agree  pos  neg  med|eff|    v27_seed0  v27_seed1  v27_seed2  v27_seed3  v28_seed0  v28_seed1  v28_seed2  v28_seed3
-----------------------------------------------------------------------------------------------------------------------------------------------------------
ppo_entropy                          8      8    0    8       3.7        -3.82      -4.23      -2.84       -3.7      -3.41      -4.18      -2.09      -2.72
timestamp                            8      8    8    0      3.21         3.12       2.97       3.34       3.07       3.21        2.9       3.44       3.56 [TRIVIAL]
generation                           8      8    8    0      3.18         3.08       2.98       3.34       3.08       3.18       3.08       3.46       3.34 [TRIVIAL]
vanilla_ppo_rnd_loss                 8      8    0    8      1.62        -1.76       -2.2      -1.08      -1.62      -1.68      -1.56      -1.01     -0.984
vanilla_ppo_intrinsic_mean           8      8    0    8      1.53        -1.78      -2.16      -1.02      -1.52      -1.65      -1.53     -0.974     -0.986
vanilla_ppo_max_world_level          8      8    0    8      0.89       -0.391     -0.178     -0.327         -1      -0.89     -0.594      -1.35      -1.06
vanilla_ppo_max_x                    8      8    0    8     0.745       -0.213    -0.0362     -0.198     -0.848     -0.745     -0.477     -0.989      -0.78
vanilla_ppo_clears                   8      8    0    8     0.597       -0.597     -0.154     -0.357     -0.784     -0.232     -0.411      -2.07     -0.964
ppo_policy_loss                      8      8    8    0     0.317        0.167      0.315      0.402      0.105      0.317       0.37      0.433       0.15
reward_time_penalty                  8      7    1    7      1.26        -1.28      -1.52      -1.26     -0.232      -1.42     -0.765     0.0745     -0.246
episodes                             8      7    1    7     0.683       -0.999      -1.19     -0.528     -0.558     -0.719     -0.683     0.0492    -0.0966
reward_forward                       8      7    7    1     0.497         0.24      0.778      0.551      0.127      0.423      0.497     -0.855      0.034
reward_completion                    8      6    2    6      0.41       -0.439     -0.269      0.223       -0.7       0.34      -0.41      -1.19     -0.142
timing_emulation_ms                  8      6    2    6     0.406      -0.0816        0.2     -0.248     -0.139     -0.931       2.21     -0.406      -1.27
avg_fitness                          8      6    6    2     0.352        0.352       1.12     0.0104      0.325      0.326      0.464     -0.881     -0.292
timing_bookkeeping_ms                8      6    6    2     0.113       0.0706      0.101      0.113     0.0126     -0.334    0.00189      0.278     -0.643
timing_rnd_intrinsic_ms              8      5    3    5     0.699       -0.142     0.0445     -0.195     0.0447     -0.699       1.86     -0.791      -1.19
vanilla_ppo_samples_per_sec          8      5    5    3       0.6         0.11      -0.45      0.258      -0.27       1.04       -2.5        0.6       1.59
vanilla_ppo_realtime_x               8      5    5    3       0.6         0.11      -0.45      0.258      -0.27       1.04       -2.5        0.6       1.59
success_rate                         8      5    3    5     0.351       -0.351      0.239      0.168     -0.439      0.049    -0.0135      -1.84     -0.694
best_fitness                         8      5    5    3     0.324        0.324      0.724      0.203      -0.21    0.00976       0.41      -1.01     -0.301
timing_rollout_forward_ms            8      4    4    4     0.742       -0.631       0.57      0.174      0.742      -1.63       1.95     -0.343      -1.14
timing_gae_ms                        8      4    4    4     0.627        0.255      0.627     -0.151       0.69     -0.108        2.2     -0.583     -0.943
timing_update_ms                     8      4    4    4     0.571       -0.116      0.571     -0.239      0.904     -0.571       1.07      0.421     -0.576
ppo_value_loss                       8      4    4    4     0.345       -0.554     -0.345      -0.16    0.00143     -0.201     0.0649      0.734      0.386
ppo_loss                             8      4    4    4     0.333       -0.429     -0.333     -0.148      0.105     -0.175     0.0753      0.754      0.402
timing_iter_reset_ms                 8      4    4    4     0.185       -0.485     0.0178     -0.185     0.0419     -0.142      0.176      0.472     -0.496
demo_anchor_coef                     8      0    0    0         0            0          0          0          0          0          0          0          0
demo_anchor_loss                     8      0    0    0         0            0          0          0          0          0          0          0          0
vanilla_ppo_count_bonus_mean         8      0    0    0         0            0          0          0          0          0          0          0          0
vanilla_ppo_in_progress              8      0    0    0         0            0          0          0          0          0          0          0          0

============================================================================================================================================
OUTCOME SPLIT: pooled rows from top-4-peak runs vs pooled rows from bottom-4-peak runs
============================================================================================================================================
top4 (by honest@peak): [('v28_seed3', 0.67), ('v27_seed2', 0.53), ('v28_seed0', 0.45), ('v28_seed2', 0.37)]
bot4 (by honest@peak): [('v27_seed1', 0.29), ('v28_seed1', 0.23), ('v27_seed3', 0.17), ('v27_seed0', 0.04)]
field                             n_top/tot  n_bot/tot    mean_top    mean_bot      Δmean   effect
--------------------------------------------------------------------------------------------------
timestamp                         1000/1000  1000/1000   1.788e+09   1.788e+09  2.897e+04      1.3 [TRIVIAL]
reward_completion                  832/1000   889/1000       14.93       10.09      4.839    0.548
timing_rnd_intrinsic_ms           1000/1000  1000/1000       96.22         101     -4.727   -0.415
reward_time_penalty               1000/1000  1000/1000      -3.677      -3.212    -0.4645   -0.403
success_rate                      1000/1000  1000/1000      0.3621       0.231     0.1311    0.397
ppo_value_loss                    1000/1000  1000/1000       27.62       31.31      -3.69   -0.377
vanilla_ppo_realtime_x            1000/1000  1000/1000         162       155.9      6.132    0.362
vanilla_ppo_samples_per_sec       1000/1000  1000/1000        2431        2339      91.98    0.362
reward_forward                    1000/1000  1000/1000        1699        1487      212.2    0.352
timing_gae_ms                     1000/1000  1000/1000       3.084       3.245    -0.1612   -0.335
avg_fitness                       1000/1000  1000/1000        1791        1593        198    0.266
vanilla_ppo_clears                1000/1000  1000/1000       30.47       24.15      6.316    0.254
timing_emulation_ms               1000/1000  1000/1000   2.199e+04   2.269e+04     -702.9    -0.25
vanilla_ppo_max_x                 1000/1000  1000/1000        3202        3232     -29.53   -0.195
episodes                          1000/1000  1000/1000       161.5       182.9     -21.36   -0.187
timing_rollout_forward_ms         1000/1000  1000/1000       178.2       183.6     -5.391   -0.138
vanilla_ppo_max_world_level       1000/1000  1000/1000       1.651       1.744     -0.093   -0.133
timing_bookkeeping_ms             1000/1000  1000/1000      0.3592       0.384    -0.0248   -0.096
ppo_loss                          1000/1000  1000/1000       6.954       9.675     -2.721  -0.0683
ppo_entropy                       1000/1000  1000/1000      0.4908      0.4672    0.02357   0.0504
ppo_policy_loss                   1000/1000  1000/1000      0.0496       1.848     -1.799  -0.0453
timing_update_ms                  1000/1000  1000/1000        2896        2885      11.21   0.0422
timing_iter_reset_ms               996/1000   996/1000        26.4       26.18      0.217    0.042
best_fitness                      1000/1000  1000/1000        3913        3896      16.47   0.0237
vanilla_ppo_rnd_loss              1000/1000  1000/1000   0.0006752   0.0006391  3.609e-05   0.0228
vanilla_ppo_intrinsic_mean        1000/1000  1000/1000    0.001625    0.001635 -9.619e-06 -0.00246
demo_anchor_coef                  1000/1000  1000/1000           0           0          0        0
demo_anchor_loss                  1000/1000  1000/1000           0           0          0        0
generation                        1000/1000  1000/1000       124.5       124.5          0        0 [TRIVIAL]
vanilla_ppo_count_bonus_mean      1000/1000  1000/1000           0           0          0        0
vanilla_ppo_in_progress           1000/1000  1000/1000          60          60          0        0
