=== v28_seed3 (peak=90) ===
iter   entropy  rnd_loss  intrinsic  actor.bias_effLR  actor.w_effLR  rndL0_fracV0
  10     1.642  0.006389    0.01104          0.009486       0.009487             0
  20      1.44  0.005861    0.01592             1.044          2.562         0.012
  30     1.237  0.001463    0.00586             1.056          2.689        0.1647
  40    0.9534 8.964e-06  0.0001158             1.294          3.285        0.9983
  50     0.844 5.753e-06  1.507e-05             1.516          3.146        0.9887
  60    0.7425 1.294e-05  9.061e-06             1.501          2.697        0.9895
  70    0.6098 5.166e-06  8.668e-06              1.57          2.479        0.9957
  80    0.5548 2.939e-06  7.554e-06             1.577            2.5        0.9959
  90*    0.449 1.377e-06  1.306e-05             1.674           2.85         0.995
 100    0.4126  2.43e-06  7.842e-06             1.525          2.936         0.995
 110    0.3355 9.123e-07  6.699e-06             1.808          3.038        0.9961
 120    0.2851 5.008e-06  1.271e-06             1.378          2.089        0.9984
 130    0.2403 1.197e-06  1.032e-05             1.535          2.797        0.9992
 140    0.2064  5.27e-06  2.865e-05             1.573          2.428             1
 150    0.2103 3.994e-06  5.643e-06             1.744          1.796             1
 160      0.14  6.19e-06  6.489e-06             1.915           1.81             1
 170     0.107 2.846e-06  1.679e-05             1.927          1.628        0.9986
 180   0.09717 9.767e-07  2.047e-05             1.608          1.242        0.9973
 190   0.09916 1.674e-06  4.029e-05              1.71          1.271             1
 200   0.08002 1.295e-06  7.176e-05             1.544          1.106             1
 210   0.08839 2.624e-06  1.109e-05             1.648          1.392             1
 220   0.07621   1.7e-06   1.93e-06             1.486          1.303             1
 230   0.08189 1.228e-06  1.431e-05             1.671          1.189             1
 240   0.08769 2.616e-06  2.119e-05             1.566          1.245             1

=== v27_seed0 (peak=60) ===
iter   entropy  rnd_loss  intrinsic  actor.bias_effLR  actor.w_effLR  rndL0_fracV0
  10     1.591  0.004651   0.009796          0.009486       0.009487             0
  20     1.327  0.004495    0.01181             1.257          3.998       0.01245
  30     1.206  0.003269    0.01016             1.298          4.315       0.08224
  40    0.9555 0.0005918   0.002795             1.288          3.931         0.681
  50    0.7809 1.053e-05  4.142e-05             1.589          4.555             1
  60*   0.6136 5.406e-06  2.178e-05             1.741          4.819             1
  70    0.5286 1.197e-05  2.507e-05              1.74          4.575             1
  80    0.4561 5.533e-06  1.536e-05             1.852          3.985             1
  90    0.3478 6.746e-06  2.349e-05             2.498           3.16             1
 100    0.3729 4.175e-06  2.125e-05             2.111          2.518             1
 110    0.2327 5.635e-06  1.623e-05             2.702           3.97             1
 120    0.1877 4.533e-06  2.146e-05             2.419          4.416             1
 130    0.1591 4.932e-06  2.557e-05             2.076          2.861             1
 140    0.1725 4.581e-06  2.427e-05             1.722           2.38             1
 150    0.1506 4.723e-06  2.174e-05             2.063          1.927             1
 160     0.134 4.867e-06  3.273e-05             1.818          2.033             1
 170    0.1742 3.701e-06   2.52e-05             2.139          2.086             1
 180    0.1042 3.654e-06  2.363e-05             2.109          1.974        0.9999
 190    0.1109 3.283e-06  4.229e-05             1.945          1.878             1
 200    0.1067 7.327e-06  2.898e-05             2.027          1.683             1
 210   0.08852 3.446e-06  2.872e-05             1.975          1.698             1
 220    0.0842 2.593e-06  2.284e-05             2.089          1.913        0.9994
 230   0.06065 3.784e-06  2.146e-05              1.95          1.605        0.9996
 240   0.05002 4.685e-06  2.416e-05             2.353          1.851             1

=== v27_seed2 (peak=90) ===
iter   entropy  rnd_loss  intrinsic  actor.bias_effLR  actor.w_effLR  rndL0_fracV0
  10     1.596  0.005548   0.007158          0.009487       0.009487             0
  20     1.326  0.004952    0.01104             1.712          3.754       0.01884
  30     1.211  0.002391   0.005667             1.674          3.566         0.145
  40     1.081 0.0001776  0.0005881             1.615          3.381        0.9705
  50    0.8837 5.642e-05  0.0001735             1.885          3.498        0.9964
  60     0.835  5.24e-05  0.0001715             1.798          3.551         0.997
  70    0.6308 3.863e-05  0.0001529             1.528          2.886         0.999
  80    0.5761 9.371e-06  4.113e-05             2.028          2.972        0.9991
  90*   0.5284 9.902e-06  3.708e-05              1.98          3.266        0.9998
 100    0.4439 8.666e-06  2.976e-05             1.732          3.154        0.9983
 110    0.3675 7.995e-06  5.077e-05             1.705           3.68        0.9998
 120    0.3225 7.444e-06  3.877e-05             1.813          3.252             1
 130    0.3235  7.01e-06  3.624e-05             2.048          3.512        0.9995
 140    0.3053 6.873e-06  3.128e-05             1.807          2.859             1
 150    0.2683 8.243e-06  3.179e-05             1.676          3.501             1
 160    0.3044 1.117e-05  4.243e-05             1.691          3.652        0.9996
 170    0.2461 8.825e-06  3.433e-05             1.673          3.497             1
 180    0.2205 7.151e-06  4.367e-05             1.502          2.453             1
 190    0.1688 8.203e-06  4.554e-05             1.366          2.274             1
 200    0.1539 8.577e-06  3.899e-05             1.955          1.421             1
 210    0.2285 6.973e-06  3.843e-05             1.465          1.601             1
 220    0.1297 6.752e-06  4.368e-05             1.489           1.17             1
 230   0.09903 6.809e-06  4.371e-05             1.653          1.676        0.9999
 240     0.118 6.693e-06   5.01e-05              1.47          1.316             1

=== v28_seed2 (peak=120) ===
iter   entropy  rnd_loss  intrinsic  actor.bias_effLR  actor.w_effLR  rndL0_fracV0
  10     1.575  0.004975   0.007115          0.009486       0.009487             0
  20     1.224  0.004734    0.01082              1.75          2.989       0.01141
  30     1.085  0.003364   0.007878             1.744          2.597       0.06078
  40    0.9552  0.001612   0.005398             1.658          2.875        0.2112
  50    0.7596  0.000224  0.0009957              1.43           2.96        0.9663
  60    0.6754 2.384e-05  8.113e-05             1.382          2.883        0.9977
  70    0.6694 2.385e-05  8.088e-05             1.384          2.775        0.9988
  80    0.4453 2.823e-05  8.146e-05             1.323          3.377        0.9991
  90    0.4223 2.305e-05  9.595e-05              1.41          3.199        0.9996
 100    0.3594 2.055e-05  8.921e-05             1.415          3.012        0.9996
 110    0.2984 1.691e-05  8.346e-05              1.42          3.256        0.9993
 120*   0.3158 2.342e-05    9.1e-05             1.531           3.49        0.9998
 130    0.3381 1.856e-05  0.0001006             1.846          2.138        0.9998
 140    0.2079 1.971e-05    9.6e-05             1.568          1.907             1
 150    0.1445 1.846e-05  9.278e-05             1.362          1.224             1
 160    0.1297 2.977e-05  0.0001037              1.56          1.354             1
 170   0.07607 1.948e-05  0.0001123             1.426          1.256             1
 180    0.1005 2.777e-05  9.494e-05             1.767          1.274             1
 190    0.1044 1.912e-05  0.0001013             1.196          0.885             1
 200   0.07565  1.66e-05  0.0001178             1.257         0.9689             1
 210    0.0714 2.169e-05  0.0001077             1.509          1.155             1
 220   0.07975 1.802e-05  0.0001324              1.26          1.044             1
 230    0.1256 1.274e-05  0.0001054             1.886          1.332        0.9969
 240     0.162 1.786e-05  0.0001202             1.553          1.304             1

